2Theta	Intensity
10.000	52.91
10.050	47.70
10.100	48.38
10.150	47.36
10.200	47.71
10.250	45.27
10.300	43.94
10.350	47.56
10.400	40.98
10.450	47.86
10.500	47.32
10.550	44.51
10.600	46.44
10.650	44.06
10.700	43.61
10.750	48.32
10.800	46.39
10.850	50.85
10.900	52.40
10.950	47.58
11.000	46.62
11.050	50.08
11.100	41.57
11.150	42.92
11.200	45.47
11.250	46.77
11.300	46.20
11.350	46.23
11.400	47.77
11.450	45.92
11.500	47.32
11.550	46.54
11.600	44.46
11.650	43.80
11.700	43.32
11.750	46.87
11.800	45.36
11.850	50.39
11.900	46.22
11.950	50.60
12.000	43.11
12.050	46.08
12.100	42.73
12.150	45.56
12.200	48.11
12.250	45.14
12.300	45.44
12.350	47.14
12.400	50.89
12.450	43.96
12.500	43.59
12.550	44.60
12.600	45.82
12.650	44.24
12.700	46.83
12.750	47.98
12.800	43.09
12.850	50.05
12.900	42.55
12.950	46.90
13.000	46.33
13.050	50.56
13.100	44.40
13.150	45.90
13.200	47.02
13.250	47.90
13.300	45.22
13.350	50.14
13.400	42.76
13.450	43.41
13.500	45.73
13.550	43.42
13.600	41.78
13.650	48.94
13.700	47.62
13.750	39.86
13.800	47.68
13.850	48.18
13.900	42.57
13.950	48.41
14.000	41.50
14.050	43.93
14.100	44.75
14.150	46.36
14.200	46.13
14.250	45.69
14.300	42.99
14.350	48.98
14.400	46.79
14.450	43.77
14.500	43.69
14.550	48.63
14.600	46.72
14.650	42.85
14.700	44.13
14.750	47.68
14.800	40.18
14.850	42.95
14.900	46.92
14.950	42.07
15.000	49.15
15.050	42.36
15.100	41.70
15.150	41.85
15.200	45.30
15.250	44.19
15.300	43.32
15.350	45.56
15.400	43.32
15.450	46.01
15.500	47.06
15.550	46.41
15.600	42.91
15.650	47.98
15.700	46.27
15.750	48.13
15.800	48.72
15.850	45.63
15.900	49.00
15.950	45.97
16.000	50.43
16.050	47.16
16.100	56.98
16.150	61.99
16.200	67.03
16.250	82.48
16.300	87.63
16.350	93.33
16.400	80.13
16.450	74.95
16.500	62.19
16.550	52.12
16.600	51.41
16.650	49.26
16.700	49.74
16.750	43.05
16.800	45.92
16.850	44.81
16.900	46.64
16.950	46.39
17.000	46.58
17.050	47.36
17.100	45.18
17.150	47.52
17.200	44.59
17.250	44.52
17.300	46.42
17.350	46.09
17.400	43.19
17.450	51.31
17.500	43.41
17.550	42.17
17.600	48.99
17.650	47.71
17.700	47.68
17.750	45.52
17.800	44.16
17.850	47.94
17.900	49.74
17.950	52.36
18.000	57.15
18.050	68.05
18.100	74.60
18.150	88.67
18.200	108.24
18.250	112.13
18.300	102.32
18.350	97.19
18.400	77.70
18.450	63.26
18.500	55.79
18.550	56.51
18.600	52.47
18.650	50.49
18.700	48.21
18.750	44.14
18.800	46.04
18.850	43.64
18.900	50.81
18.950	42.90
19.000	42.06
19.050	41.10
19.100	47.06
19.150	40.77
19.200	46.37
19.250	45.48
19.300	44.18
19.350	50.86
19.400	43.20
19.450	45.76
19.500	41.39
19.550	42.44
19.600	46.28
19.650	42.43
19.700	44.25
19.750	46.02
19.800	44.48
19.850	43.21
19.900	44.36
19.950	38.92
20.000	43.49
20.050	46.82
20.100	48.53
20.150	45.87
20.200	44.50
20.250	44.52
20.300	42.17
20.350	46.48
20.400	46.32
20.450	42.71
20.500	40.17
20.550	45.12
20.600	47.17
20.650	42.89
20.700	44.67
20.750	45.03
20.800	46.46
20.850	45.27
20.900	41.66
20.950	46.09
21.000	43.22
21.050	44.04
21.100	46.18
21.150	39.36
21.200	46.11
21.250	41.26
21.300	42.50
21.350	46.98
21.400	46.96
21.450	41.91
21.500	41.39
21.550	40.16
21.600	41.84
21.650	47.99
21.700	44.46
21.750	41.52
21.800	43.69
21.850	40.70
21.900	43.84
21.950	45.83
22.000	40.59
22.050	46.32
22.100	48.15
22.150	46.55
22.200	42.91
22.250	46.70
22.300	41.99
22.350	41.89
22.400	50.05
22.450	41.61
22.500	42.95
22.550	44.54
22.600	45.69
22.650	49.15
22.700	48.37
22.750	50.62
22.800	50.61
22.850	52.13
22.900	52.80
22.950	64.61
23.000	73.58
23.050	86.11
23.100	95.98
23.150	100.80
23.200	88.00
23.250	75.53
23.300	59.66
23.350	55.06
23.400	50.14
23.450	49.02
23.500	49.08
23.550	45.88
23.600	46.02
23.650	47.03
23.700	46.11
23.750	46.89
23.800	37.86
23.850	42.10
23.900	44.06
23.950	41.82
24.000	41.56
24.050	37.80
24.100	45.81
24.150	43.28
24.200	41.75
24.250	48.33
24.300	42.84
24.350	46.14
24.400	44.55
24.450	45.50
24.500	38.81
24.550	43.51
24.600	42.81
24.650	45.63
24.700	50.88
24.750	47.72
24.800	47.14
24.850	40.22
24.900	44.45
24.950	43.32
25.000	40.38
25.050	44.74
25.100	46.46
25.150	44.78
25.200	46.27
25.250	47.36
25.300	43.06
25.350	48.91
25.400	41.89
25.450	43.50
25.500	43.95
25.550	43.01
25.600	40.38
25.650	46.81
25.700	48.83
25.750	45.48
25.800	44.55
25.850	43.38
25.900	45.49
25.950	45.85
26.000	43.98
26.050	42.98
26.100	38.16
26.150	44.52
26.200	48.18
26.250	44.89
26.300	40.95
26.350	42.83
26.400	40.97
26.450	39.89
26.500	48.94
26.550	45.71
26.600	46.54
26.650	40.00
26.700	47.01
26.750	47.54
26.800	49.09
26.850	43.51
26.900	43.13
26.950	49.73
27.000	48.39
27.050	46.29
27.100	49.21
27.150	52.03
27.200	48.76
27.250	49.71
27.300	51.17
27.350	51.19
27.400	49.53
27.450	50.75
27.500	46.56
27.550	48.83
27.600	59.61
27.650	52.72
27.700	51.32
27.750	60.60
27.800	63.66
27.850	58.24
27.900	64.51
27.950	67.50
28.000	71.91
28.050	76.64
28.100	85.08
28.150	98.69
28.200	123.05
28.250	161.17
28.300	235.11
28.350	356.74
28.400	532.43
28.450	740.27
28.500	907.93
28.550	927.80
28.600	782.56
28.650	570.63
28.700	386.41
28.750	258.26
28.800	172.65
28.850	130.23
28.900	102.50
28.950	96.01
29.000	88.60
29.050	82.04
29.100	81.80
29.150	87.35
29.200	95.00
29.250	104.20
29.300	112.77
29.350	101.81
29.400	91.72
29.450	82.60
29.500	70.37
29.550	73.21
29.600	80.54
29.650	88.78
29.700	111.84
29.750	132.03
29.800	136.78
29.850	133.01
29.900	114.46
29.950	93.43
30.000	79.05
30.050	62.74
30.100	60.42
30.150	54.95
30.200	49.09
30.250	48.59
30.300	49.09
30.350	44.99
30.400	48.89
30.450	48.64
30.500	55.48
30.550	48.79
30.600	51.33
30.650	49.15
30.700	45.98
30.750	45.27
30.800	46.30
30.850	47.00
30.900	50.92
30.950	51.39
31.000	47.65
31.050	48.53
31.100	47.87
31.150	50.39
31.200	52.93
31.250	52.72
31.300	56.91
31.350	58.13
31.400	67.08
31.450	69.07
31.500	72.65
31.550	83.86
31.600	82.47
31.650	92.93
31.700	102.68
31.750	105.76
31.800	106.06
31.850	102.60
31.900	101.48
31.950	95.24
32.000	89.78
32.050	77.98
32.100	77.23
32.150	66.61
32.200	61.00
32.250	60.39
32.300	57.25
32.350	58.45
32.400	53.15
32.450	53.55
32.500	49.77
32.550	49.31
32.600	52.25
32.650	56.47
32.700	65.38
32.750	63.62
32.800	83.89
32.850	98.30
32.900	127.15
32.950	141.87
33.000	152.66
33.050	137.89
33.100	111.65
33.150	88.64
33.200	71.93
33.250	61.27
33.300	49.96
33.350	48.17
33.400	47.17
33.450	41.20
33.500	43.81
33.550	48.47
33.600	46.85
33.650	43.31
33.700	47.65
33.750	44.98
33.800	42.39
33.850	46.11
33.900	47.71
33.950	43.32
34.000	45.92
34.050	44.68
34.100	44.66
34.150	40.59
34.200	40.22
34.250	40.78
34.300	44.30
34.350	43.28
34.400	42.93
34.450	46.59
34.500	47.14
34.550	38.52
34.600	37.85
34.650	42.02
34.700	44.26
34.750	44.58
34.800	42.43
34.850	37.74
34.900	47.79
34.950	41.30
35.000	43.92
35.050	43.07
35.100	42.17
35.150	45.80
35.200	46.17
35.250	39.55
35.300	36.52
35.350	41.33
35.400	43.85
35.450	43.70
35.500	43.91
35.550	45.86
35.600	45.60
35.650	41.95
35.700	39.60
35.750	41.19
35.800	46.13
35.850	41.40
35.900	46.09
35.950	44.98
36.000	48.79
36.050	43.39
36.100	37.66
36.150	48.66
36.200	43.81
36.250	43.55
36.300	47.63
36.350	43.36
36.400	41.79
36.450	43.89
36.500	46.60
36.550	44.65
36.600	50.82
36.650	44.68
36.700	46.45
36.750	47.15
36.800	59.44
36.850	66.30
36.900	73.42
36.950	89.65
37.000	108.34
37.050	133.33
37.100	133.20
37.150	118.70
37.200	95.39
37.250	80.90
37.300	64.79
37.350	53.75
37.400	50.17
37.450	50.95
37.500	45.78
37.550	50.10
37.600	46.33
37.650	47.90
37.700	48.77
37.750	51.50
37.800	58.03
37.850	61.24
37.900	75.16
37.950	89.35
38.000	107.21
38.050	113.02
38.100	108.73
38.150	93.70
38.200	81.30
38.250	62.79
38.300	59.31
38.350	49.95
38.400	47.14
38.450	49.06
38.500	49.21
38.550	48.85
38.600	47.01
38.650	45.80
38.700	49.66
38.750	43.86
38.800	42.82
38.850	43.31
38.900	41.64
38.950	43.20
39.000	48.94
39.050	40.93
39.100	49.50
39.150	41.32
39.200	48.06
39.250	38.68
39.300	50.16
39.350	44.29
39.400	46.83
39.450	46.49
39.500	46.25
39.550	51.48
39.600	50.87
39.650	48.73
39.700	50.88
39.750	53.07
39.800	51.13
39.850	55.53
39.900	57.88
39.950	56.06
40.000	57.72
40.050	65.72
40.100	69.04
40.150	83.07
40.200	100.25
40.250	136.78
40.300	190.78
40.350	272.15
40.400	366.12
40.450	454.00
40.500	490.30
40.550	450.09
40.600	364.26
40.650	270.13
40.700	190.65
40.750	133.83
40.800	99.45
40.850	84.78
40.900	71.79
40.950	60.23
41.000	64.32
41.050	51.79
41.100	53.04
41.150	52.11
41.200	53.15
41.250	49.04
41.300	47.65
41.350	48.45
41.400	50.69
41.450	46.37
41.500	51.98
41.550	46.91
41.600	44.59
41.650	44.42
41.700	43.52
41.750	46.59
41.800	43.95
41.850	44.06
41.900	42.69
41.950	48.66
42.000	39.17
42.050	42.97
42.100	44.66
42.150	44.38
42.200	43.57
42.250	45.27
42.300	43.92
42.350	42.71
42.400	40.54
42.450	43.92
42.500	40.28
42.550	37.89
42.600	45.33
42.650	42.20
42.700	41.60
42.750	42.29
42.800	42.41
42.850	41.92
42.900	42.23
42.950	43.28
43.000	42.32
43.050	43.97
43.100	48.88
43.150	45.10
43.200	43.81
43.250	42.87
43.300	43.55
43.350	44.61
43.400	43.74
43.450	45.58
43.500	45.35
43.550	42.15
43.600	41.48
43.650	43.92
43.700	46.91
43.750	40.03
43.800	43.90
43.850	42.68
43.900	42.49
43.950	42.36
44.000	46.91
44.050	45.77
44.100	43.56
44.150	42.00
44.200	45.73
44.250	44.46
44.300	42.67
44.350	42.93
44.400	44.89
44.450	40.40
44.500	44.58
44.550	44.76
44.600	44.71
44.650	48.76
44.700	46.40
44.750	50.98
44.800	53.18
44.850	60.10
44.900	71.95
44.950	98.99
45.000	116.27
45.050	137.62
45.100	146.39
45.150	136.07
45.200	113.69
45.250	90.83
45.300	72.96
45.350	64.08
45.400	53.38
45.450	51.85
45.500	48.82
45.550	49.22
45.600	48.18
45.650	46.43
45.700	45.70
45.750	50.59
45.800	45.74
45.850	42.49
45.900	43.83
45.950	41.08
46.000	43.68
46.050	41.71
46.100	48.08
46.150	51.29
46.200	46.59
46.250	44.26
46.300	44.64
46.350	43.70
46.400	43.89
46.450	47.33
46.500	51.20
46.550	48.49
46.600	46.06
46.650	57.05
46.700	48.56
46.750	56.79
46.800	62.55
46.850	64.06
46.900	67.62
46.950	67.67
47.000	86.58
47.050	104.68
47.100	146.46
47.150	209.83
47.200	307.38
47.250	422.84
47.300	522.60
47.350	525.72
47.400	444.06
47.450	326.77
47.500	235.02
47.550	159.09
47.600	111.23
47.650	81.60
47.700	71.59
47.750	64.58
47.800	66.71
47.850	55.83
47.900	57.04
47.950	48.99
48.000	50.76
48.050	52.86
48.100	47.64
48.150	44.72
48.200	49.41
48.250	48.34
48.300	47.05
48.350	48.64
48.400	44.23
48.450	45.99
48.500	41.91
48.550	43.79
48.600	44.37
48.650	38.54
48.700	42.27
48.750	45.36
48.800	39.44
48.850	41.50
48.900	43.43
48.950	50.63
49.000	45.38
49.050	41.46
49.100	38.80
49.150	41.74
49.200	42.64
49.250	45.24
49.300	41.09
49.350	44.47
49.400	45.07
49.450	41.65
49.500	44.15
49.550	41.23
49.600	42.18
49.650	38.26
49.700	42.14
49.750	44.14
49.800	43.41
49.850	41.32
49.900	44.42
49.950	40.39
50.000	41.26
50.050	38.40
50.100	43.49
50.150	40.69
50.200	42.33
50.250	42.21
50.300	41.70
50.350	42.46
50.400	43.55
50.450	41.44
50.500	43.03
50.550	42.07
50.600	43.08
50.650	40.99
50.700	44.20
50.750	43.16
50.800	39.46
50.850	41.16
50.900	39.68
50.950	37.07
51.000	41.01
51.050	44.86
51.100	43.23
51.150	41.50
51.200	42.59
51.250	43.17
51.300	44.57
51.350	43.61
51.400	46.84
51.450	44.40
51.500	37.15
51.550	41.83
51.600	44.10
51.650	41.00
51.700	37.60
51.750	41.63
51.800	39.98
51.850	35.93
51.900	41.20
51.950	44.22
52.000	43.31
52.050	43.30
52.100	41.97
52.150	38.89
52.200	44.64
52.250	41.00
52.300	40.06
52.350	42.05
52.400	45.94
52.450	42.90
52.500	42.52
52.550	39.38
52.600	46.57
52.650	43.96
52.700	45.82
52.750	46.37
52.800	38.80
52.850	44.04
52.900	43.83
52.950	37.35
53.000	42.82
53.050	40.82
53.100	37.03
53.150	44.07
53.200	41.64
53.250	42.06
53.300	44.19
53.350	42.60
53.400	43.63
53.450	39.52
53.500	44.78
53.550	42.08
53.600	40.65
53.650	42.59
53.700	45.75
53.750	40.68
53.800	46.73
53.850	45.15
53.900	52.71
53.950	53.36
54.000	58.45
54.050	69.06
54.100	77.86
54.150	92.26
54.200	96.00
54.250	89.85
54.300	80.16
54.350	67.23
54.400	61.73
54.450	53.23
54.500	50.00
54.550	47.01
54.600	49.80
54.650	41.47
54.700	41.28
54.750	42.90
54.800	45.96
54.850	41.08
54.900	43.62
54.950	48.33
55.000	48.40
55.050	43.99
55.100	50.22
55.150	53.43
55.200	56.43
55.250	53.50
55.300	56.52
55.350	59.14
55.400	68.34
55.450	71.30
55.500	74.76
55.550	87.50
55.600	92.98
55.650	105.45
55.700	109.65
55.750	119.88
55.800	131.36
55.850	125.75
55.900	134.07
55.950	147.21
56.000	165.83
56.050	204.99
56.100	248.11
56.150	280.83
56.200	279.58
56.250	241.17
56.300	180.72
56.350	133.00
56.400	101.68
56.450	76.45
56.500	66.61
56.550	57.37
56.600	59.49
56.650	55.93
56.700	52.86
56.750	50.71
56.800	47.71
56.850	45.19
56.900	52.63
56.950	48.20
57.000	45.70
57.050	46.77
57.100	47.66
57.150	48.21
57.200	48.86
57.250	46.25
57.300	42.12
57.350	44.20
57.400	45.12
57.450	43.51
57.500	43.82
57.550	35.77
57.600	47.65
57.650	42.99
57.700	47.68
57.750	45.72
57.800	44.37
57.850	48.48
57.900	41.67
57.950	50.41
58.000	43.80
58.050	39.02
58.100	42.06
58.150	44.33
58.200	39.70
58.250	44.24
58.300	43.82
58.350	43.69
58.400	44.72
58.450	44.97
58.500	48.59
58.550	50.38
58.600	51.83
58.650	56.70
58.700	65.41
58.750	80.70
58.800	103.73
58.850	141.32
58.900	178.45
58.950	197.83
59.000	194.44
59.050	164.24
59.100	131.15
59.150	95.92
59.200	78.47
59.250	60.05
59.300	51.57
59.350	46.91
59.400	44.77
59.450	46.38
59.500	51.47
59.550	47.29
59.600	45.15
59.650	42.51
59.700	43.02
59.750	41.54
59.800	42.20
59.850	43.46
59.900	44.36
59.950	41.66
60.000	44.03
60.050	42.08
60.100	41.18
60.150	43.13
60.200	40.67
60.250	42.06
60.300	41.73
60.350	44.33
60.400	41.45
60.450	42.48
60.500	38.98
60.550	40.93
60.600	44.71
60.650	44.81
60.700	43.08
60.750	39.99
60.800	39.30
60.850	39.22
60.900	39.87
60.950	42.15
61.000	39.41
61.050	38.62
61.100	38.20
61.150	39.33
61.200	35.94
61.250	37.34
61.300	38.65
61.350	40.23
61.400	45.14
61.450	43.02
61.500	41.59
61.550	37.05
61.600	39.74
61.650	42.62
61.700	44.21
61.750	35.18
61.800	44.42
61.850	40.56
61.900	43.29
61.950	39.56
62.000	40.84
62.050	37.96
62.100	41.21
62.150	44.86
62.200	44.27
62.250	43.06
62.300	38.97
62.350	40.38
62.400	39.52
62.450	41.86
62.500	43.47
62.550	38.06
62.600	39.69
62.650	43.37
62.700	43.82
62.750	38.04
62.800	40.89
62.850	44.21
62.900	44.22
62.950	40.24
63.000	43.90
63.050	42.16
63.100	38.88
63.150	45.56
63.200	40.36
63.250	41.16
63.300	37.58
63.350	40.39
63.400	39.96
63.450	37.44
63.500	43.14
63.550	40.47
63.600	44.84
63.650	42.10
63.700	46.11
63.750	44.00
63.800	44.23
63.850	45.59
63.900	46.46
63.950	51.94
64.000	63.29
64.050	75.68
64.100	89.42
64.150	105.29
64.200	109.21
64.250	104.27
64.300	88.41
64.350	70.31
64.400	64.20
64.450	52.66
64.500	48.24
64.550	48.00
64.600	42.37
64.650	45.52
64.700	37.57
64.750	41.36
64.800	37.44
64.850	45.29
64.900	43.84
64.950	40.21
65.000	41.69
65.050	39.42
65.100	42.48
65.150	43.30
65.200	39.77
65.250	42.20
65.300	39.04
65.350	40.31
65.400	41.63
65.450	42.96
65.500	39.37
65.550	40.71
65.600	42.09
65.650	42.86
65.700	44.42
65.750	40.49
65.800	45.71
65.850	38.88
65.900	42.98
65.950	44.86
66.000	45.49
66.050	40.56
66.100	38.19
66.150	37.00
66.200	39.74
66.250	36.21
66.300	38.83
66.350	36.24
66.400	41.63
66.450	43.56
66.500	40.39
66.550	44.43
66.600	39.93
66.650	42.38
66.700	38.39
66.750	41.37
66.800	42.83
66.850	41.68
66.900	43.42
66.950	41.21
67.000	41.05
67.050	41.26
67.100	43.88
67.150	41.83
67.200	42.03
67.250	41.39
67.300	43.84
67.350	35.01
67.400	39.33
67.450	41.05
67.500	41.28
67.550	37.24
67.600	44.89
67.650	41.47
67.700	39.67
67.750	44.59
67.800	43.50
67.850	37.43
67.900	35.69
67.950	39.05
68.000	43.47
68.050	43.45
68.100	42.30
68.150	43.61
68.200	41.13
68.250	44.75
68.300	44.03
68.350	39.74
68.400	42.06
68.450	42.63
68.500	44.85
68.550	40.64
68.600	43.24
68.650	45.37
68.700	43.34
68.750	47.75
68.800	48.53
68.850	46.92
68.900	51.33
68.950	57.50
69.000	67.11
69.050	81.52
69.100	106.99
69.150	142.61
69.200	160.61
69.250	165.63
69.300	142.52
69.350	109.70
69.400	93.72
69.450	67.84
69.500	58.77
69.550	50.04
69.600	47.72
69.650	46.55
69.700	44.37
69.750	45.82
69.800	48.26
69.850	42.58
69.900	46.12
69.950	41.08
70.000	43.44
